{
 "cells": [
  {
   "cell_type": "markdown",
   "metadata": {},
   "source": [
    "## IRIS Data Visualization by using python pandas liabrary\n",
    "\n"
   ]
  },
  {
   "cell_type": "code",
   "execution_count": 6,
   "metadata": {},
   "outputs": [
    {
     "name": "stdout",
     "output_type": "stream",
     "text": [
      "<class 'pandas.core.frame.DataFrame'>\n",
      "RangeIndex: 891 entries, 0 to 890\n",
      "Data columns (total 12 columns):\n",
      " #   Column    Non-Null Count  Dtype  \n",
      "---  ------    --------------  -----  \n",
      " 0   id        891 non-null    int64  \n",
      " 1   survived  891 non-null    int64  \n",
      " 2   pclass    891 non-null    int64  \n",
      " 3   name      891 non-null    object \n",
      " 4   sex       891 non-null    object \n",
      " 5   age       891 non-null    int64  \n",
      " 6   sibsp     891 non-null    int64  \n",
      " 7   parch     891 non-null    int64  \n",
      " 8   ticket    891 non-null    object \n",
      " 9   fare      891 non-null    float64\n",
      " 10  cabin     891 non-null    object \n",
      " 11  embarked  891 non-null    object \n",
      "dtypes: float64(1), int64(6), object(5)\n",
      "memory usage: 83.7+ KB\n",
      "None\n"
     ]
    },
    {
     "data": {
      "text/html": [
       "<div>\n",
       "<style scoped>\n",
       "    .dataframe tbody tr th:only-of-type {\n",
       "        vertical-align: middle;\n",
       "    }\n",
       "\n",
       "    .dataframe tbody tr th {\n",
       "        vertical-align: top;\n",
       "    }\n",
       "\n",
       "    .dataframe thead th {\n",
       "        text-align: right;\n",
       "    }\n",
       "</style>\n",
       "<table border=\"1\" class=\"dataframe\">\n",
       "  <thead>\n",
       "    <tr style=\"text-align: right;\">\n",
       "      <th></th>\n",
       "      <th>id</th>\n",
       "      <th>survived</th>\n",
       "      <th>pclass</th>\n",
       "      <th>age</th>\n",
       "      <th>sibsp</th>\n",
       "      <th>parch</th>\n",
       "      <th>fare</th>\n",
       "    </tr>\n",
       "  </thead>\n",
       "  <tbody>\n",
       "    <tr>\n",
       "      <th>id</th>\n",
       "      <td>1.000000</td>\n",
       "      <td>-0.005007</td>\n",
       "      <td>-0.035144</td>\n",
       "      <td>0.038220</td>\n",
       "      <td>-0.057527</td>\n",
       "      <td>-0.001652</td>\n",
       "      <td>0.012658</td>\n",
       "    </tr>\n",
       "    <tr>\n",
       "      <th>survived</th>\n",
       "      <td>-0.005007</td>\n",
       "      <td>1.000000</td>\n",
       "      <td>-0.338481</td>\n",
       "      <td>0.010508</td>\n",
       "      <td>-0.035322</td>\n",
       "      <td>0.081629</td>\n",
       "      <td>0.257307</td>\n",
       "    </tr>\n",
       "    <tr>\n",
       "      <th>pclass</th>\n",
       "      <td>-0.035144</td>\n",
       "      <td>-0.338481</td>\n",
       "      <td>1.000000</td>\n",
       "      <td>-0.361566</td>\n",
       "      <td>0.083081</td>\n",
       "      <td>0.018443</td>\n",
       "      <td>-0.549500</td>\n",
       "    </tr>\n",
       "    <tr>\n",
       "      <th>age</th>\n",
       "      <td>0.038220</td>\n",
       "      <td>0.010508</td>\n",
       "      <td>-0.361566</td>\n",
       "      <td>1.000000</td>\n",
       "      <td>-0.184593</td>\n",
       "      <td>-0.049061</td>\n",
       "      <td>0.135663</td>\n",
       "    </tr>\n",
       "    <tr>\n",
       "      <th>sibsp</th>\n",
       "      <td>-0.057527</td>\n",
       "      <td>-0.035322</td>\n",
       "      <td>0.083081</td>\n",
       "      <td>-0.184593</td>\n",
       "      <td>1.000000</td>\n",
       "      <td>0.414838</td>\n",
       "      <td>0.159651</td>\n",
       "    </tr>\n",
       "    <tr>\n",
       "      <th>parch</th>\n",
       "      <td>-0.001652</td>\n",
       "      <td>0.081629</td>\n",
       "      <td>0.018443</td>\n",
       "      <td>-0.049061</td>\n",
       "      <td>0.414838</td>\n",
       "      <td>1.000000</td>\n",
       "      <td>0.216225</td>\n",
       "    </tr>\n",
       "    <tr>\n",
       "      <th>fare</th>\n",
       "      <td>0.012658</td>\n",
       "      <td>0.257307</td>\n",
       "      <td>-0.549500</td>\n",
       "      <td>0.135663</td>\n",
       "      <td>0.159651</td>\n",
       "      <td>0.216225</td>\n",
       "      <td>1.000000</td>\n",
       "    </tr>\n",
       "  </tbody>\n",
       "</table>\n",
       "</div>"
      ],
      "text/plain": [
       "                id  survived    pclass       age     sibsp     parch      fare\n",
       "id        1.000000 -0.005007 -0.035144  0.038220 -0.057527 -0.001652  0.012658\n",
       "survived -0.005007  1.000000 -0.338481  0.010508 -0.035322  0.081629  0.257307\n",
       "pclass   -0.035144 -0.338481  1.000000 -0.361566  0.083081  0.018443 -0.549500\n",
       "age       0.038220  0.010508 -0.361566  1.000000 -0.184593 -0.049061  0.135663\n",
       "sibsp    -0.057527 -0.035322  0.083081 -0.184593  1.000000  0.414838  0.159651\n",
       "parch    -0.001652  0.081629  0.018443 -0.049061  0.414838  1.000000  0.216225\n",
       "fare      0.012658  0.257307 -0.549500  0.135663  0.159651  0.216225  1.000000"
      ]
     },
     "execution_count": 6,
     "metadata": {},
     "output_type": "execute_result"
    }
   ],
   "source": [
    "import pandas as pd\n",
    "pd.options.display.max_rows = 9\n",
    "\n",
    "import iris\n",
    "statement = iris.sql.exec('SELECT * FROM Titanic_Table.Passenger')\n",
    "df = statement.dataframe()\n",
    "print(df.info()) \n",
    "df\n",
    "df.duplicated()\n",
    "df.corr() "
   ]
  },
  {
   "cell_type": "code",
   "execution_count": null,
   "metadata": {},
   "outputs": [],
   "source": []
  }
 ],
 "metadata": {
  "kernelspec": {
   "display_name": "IRIS Python",
   "language": "python",
   "name": "irispython"
  },
  "language_info": {
   "codemirror_mode": {
    "name": "ipython",
    "version": 3
   },
   "file_extension": ".py",
   "mimetype": "text/x-python",
   "name": "python",
   "nbconvert_exporter": "python",
   "pygments_lexer": "ipython3",
   "version": "3.8.10"
  }
 },
 "nbformat": 4,
 "nbformat_minor": 4
}
