{
 "cells": [
  {
   "cell_type": "markdown",
   "metadata": {},
   "source": [
    "# Interaction between iris and python\n",
    "\n",
    "Show case of opening a persistent class with embedded python.\n",
    "\n",
    "Every “%” in ObjectScript are automatically replace by “_”"
   ]
  },
  {
   "cell_type": "code",
   "execution_count": 17,
   "metadata": {},
   "outputs": [
    {
     "name": "stdout",
     "output_type": "stream",
     "text": [
      "<class 'pandas.core.frame.DataFrame'>\n",
      "RangeIndex: 891 entries, 0 to 890\n",
      "Data columns (total 11 columns):\n",
      " #   Column    Non-Null Count  Dtype  \n",
      "---  ------    --------------  -----  \n",
      " 0   survived  891 non-null    int64  \n",
      " 1   pclass    891 non-null    int64  \n",
      " 2   name      891 non-null    object \n",
      " 3   sex       891 non-null    object \n",
      " 4   age       714 non-null    float64\n",
      " 5   sibSp     891 non-null    int64  \n",
      " 6   parCh     891 non-null    int64  \n",
      " 7   ticket    891 non-null    object \n",
      " 8   fare      891 non-null    float64\n",
      " 9   cabin     204 non-null    object \n",
      " 10  embarked  889 non-null    object \n",
      "dtypes: float64(2), int64(4), object(5)\n",
      "memory usage: 76.7+ KB\n",
      "None\n"
     ]
    },
    {
     "data": {
      "text/html": [
       "<div>\n",
       "<style scoped>\n",
       "    .dataframe tbody tr th:only-of-type {\n",
       "        vertical-align: middle;\n",
       "    }\n",
       "\n",
       "    .dataframe tbody tr th {\n",
       "        vertical-align: top;\n",
       "    }\n",
       "\n",
       "    .dataframe thead th {\n",
       "        text-align: right;\n",
       "    }\n",
       "</style>\n",
       "<table border=\"1\" class=\"dataframe\">\n",
       "  <thead>\n",
       "    <tr style=\"text-align: right;\">\n",
       "      <th></th>\n",
       "      <th>survived</th>\n",
       "      <th>pclass</th>\n",
       "      <th>age</th>\n",
       "      <th>sibSp</th>\n",
       "      <th>parCh</th>\n",
       "      <th>fare</th>\n",
       "    </tr>\n",
       "  </thead>\n",
       "  <tbody>\n",
       "    <tr>\n",
       "      <th>survived</th>\n",
       "      <td>1.000000</td>\n",
       "      <td>-0.338481</td>\n",
       "      <td>-0.077221</td>\n",
       "      <td>-0.035322</td>\n",
       "      <td>0.081629</td>\n",
       "      <td>0.257307</td>\n",
       "    </tr>\n",
       "    <tr>\n",
       "      <th>pclass</th>\n",
       "      <td>-0.338481</td>\n",
       "      <td>1.000000</td>\n",
       "      <td>-0.369226</td>\n",
       "      <td>0.083081</td>\n",
       "      <td>0.018443</td>\n",
       "      <td>-0.549500</td>\n",
       "    </tr>\n",
       "    <tr>\n",
       "      <th>age</th>\n",
       "      <td>-0.077221</td>\n",
       "      <td>-0.369226</td>\n",
       "      <td>1.000000</td>\n",
       "      <td>-0.308247</td>\n",
       "      <td>-0.189119</td>\n",
       "      <td>0.096067</td>\n",
       "    </tr>\n",
       "    <tr>\n",
       "      <th>sibSp</th>\n",
       "      <td>-0.035322</td>\n",
       "      <td>0.083081</td>\n",
       "      <td>-0.308247</td>\n",
       "      <td>1.000000</td>\n",
       "      <td>0.414838</td>\n",
       "      <td>0.159651</td>\n",
       "    </tr>\n",
       "    <tr>\n",
       "      <th>parCh</th>\n",
       "      <td>0.081629</td>\n",
       "      <td>0.018443</td>\n",
       "      <td>-0.189119</td>\n",
       "      <td>0.414838</td>\n",
       "      <td>1.000000</td>\n",
       "      <td>0.216225</td>\n",
       "    </tr>\n",
       "    <tr>\n",
       "      <th>fare</th>\n",
       "      <td>0.257307</td>\n",
       "      <td>-0.549500</td>\n",
       "      <td>0.096067</td>\n",
       "      <td>0.159651</td>\n",
       "      <td>0.216225</td>\n",
       "      <td>1.000000</td>\n",
       "    </tr>\n",
       "  </tbody>\n",
       "</table>\n",
       "</div>"
      ],
      "text/plain": [
       "          survived    pclass       age     sibSp     parCh      fare\n",
       "survived  1.000000 -0.338481 -0.077221 -0.035322  0.081629  0.257307\n",
       "pclass   -0.338481  1.000000 -0.369226  0.083081  0.018443 -0.549500\n",
       "age      -0.077221 -0.369226  1.000000 -0.308247 -0.189119  0.096067\n",
       "sibSp    -0.035322  0.083081 -0.308247  1.000000  0.414838  0.159651\n",
       "parCh     0.081629  0.018443 -0.189119  0.414838  1.000000  0.216225\n",
       "fare      0.257307 -0.549500  0.096067  0.159651  0.216225  1.000000"
      ]
     },
     "execution_count": 17,
     "metadata": {},
     "output_type": "execute_result"
    }
   ],
   "source": [
    "import pandas as pd\n",
    "pd.options.display.max_rows = 9\n",
    "\n",
    "df = pd.read_csv('/opt/irisapp/misc/titanic.csv')\n",
    "\n",
    "#print(df.to_string()) \n",
    "#df\n",
    "#print(df.head(10))\n",
    "print(df.info()) \n",
    "df\n",
    "df.duplicated()\n",
    "df.corr() "
   ]
  },
  {
   "cell_type": "code",
   "execution_count": null,
   "metadata": {},
   "outputs": [],
   "source": []
  }
 ],
 "metadata": {
  "kernelspec": {
   "display_name": "IRIS Python",
   "language": "python",
   "name": "irispython"
  },
  "language_info": {
   "codemirror_mode": {
    "name": "ipython",
    "version": 3
   },
   "file_extension": ".py",
   "mimetype": "text/x-python",
   "name": "python",
   "nbconvert_exporter": "python",
   "pygments_lexer": "ipython3",
   "version": "3.8.10"
  }
 },
 "nbformat": 4,
 "nbformat_minor": 4
}
